0 0 ground 0.7774257028343209 0.7789689848289664 0.7801296999312687
0 1 inner 0.7752095155904312 0.7781054234861943 0.7802526327076799 2371
0 0 ceil 0.7728482316975595 0.7772096701000412 0.7803949117178598
0 1 outer 0.78 0.78 0.78
0 1 next 0.7766845492564929 0.7786777174782679 0.7801696595617849
1 1 ground 0.7696894519208162 0.7760504597607834 0.7806031610547726
1 2 inner 0.767389146896284 0.7752342873575793 0.7807674990006653 1493
1 1 ceil 0.767819265595699 0.7753851106641456 0.7807359667648721
1 2 outer 0.78 0.78 0.78
1 2 next 0.7721217579271251 0.7769391169529598 0.7804410026349664
2 2 ground 0.7652210186125045 0.7744865026311586 0.7809320209164138
2 3 inner 0.7613408070976666 0.7731999995932297 0.7812493686849677 959
2 2 ceil 0.7610529440184184 0.7731071935012179 0.7812740675698391
2 3 outer 0.78 0.78 0.78
2 3 next 0.7685654801147161 0.7756487235483048 0.7806821363652072
3 3 ground 0.7610888044092812 0.7731187349672614 0.7812709820904338
3 4 inner 0.7536600131274644 0.7708475923528145 0.7819617814010831 588
3 3 ceil 0.7512394213106134 0.7701592403134693 0.7822088314623611
3 4 outer 0.78 0.78 0.78
3 4 next 0.7629458044763957 0.7737241109117448 0.7811145707831095
4 4 ground 0.7503715371127794 0.7699185820648246 0.7822999814445827
4 5 inner 0.7474395438671826 0.7691294576397105 0.7826178321169837 630
4 4 ceil 0.7506538598665462 0.7699965129126327 0.7822701822619047
4 5 outer 0.78 0.78 0.78
4 5 next 0.7627746551387692 0.7736676831447931 0.7811287089088484
5 5 ground 0.7429459466831948 0.7679912505548824 0.783134189625598
5 6 inner 0.7387665592828707 0.767009453005494 0.7836454682203606 572
5 5 ceil 0.7440126859153345 0.7682536789270814 0.7830084500438227
5 6 outer 0.78 0.78 0.78
5 6 next 0.7581562975569361 0.7721935014534194 0.7815313565402365
6 6 ground 0.7241432451300284 0.7641490665642886 0.7856595580514695
6 7 inner 0.7228764184339066 0.7639428719888017 0.7858499187619062 522
6 6 ceil 0.739072283167248 0.7670787744599417 0.783607070604964
6 7 outer 0.78 0.78 0.78
6 7 next 0.749344904114465 0.7696380805202566 0.78240954185468
7 7 ground 0.680409681499827 0.7607492544209845 0.7935544948669658
7 8 inner 0.6898156146596585 0.7608451243621172 0.7916389929513704 399
7 7 ceil 0.7250128714374502 0.7642944208814101 0.7855303117518448
7 8 outer 0.78 0.78 0.78
7 8 next 0.7179931245151809 0.7632093914207367 0.7866065174834234
8 8 ground 0.5977116309453929 0.7740171789413824 0.8146346936118369
8 9 inner 0.6124466642457668 0.7698606211267354 0.8103795131428452 432
8 8 ceil 0.766782671177197 0.7750230177780518 0.7808125843319007
8 9 outer 0.78 0.78 0.78
8 9 next 0.7466100836079136 0.7689128877488589 0.7827105036010548
9 9 ground 0.3763440860215053 1.0 0.5913978494623656
9 10 inner 0.2371916508538899 1.0 0.7305502846299811 72
9 9 ceil 0.6791090720377503 0.7607627770298848 0.7938280695612426
9 10 outer 0.78 0.78 0.78
9 10 next 0.45675736136968914 0.84982556494436 0.8637018052437428
10 10 ground 0.5 0.0 0.0
10 11 inner 0.8565062388591802 0.0 0.0 6
10 10 ceil 0.78 0.78 0.78
10 11 outer 0.78 0.78 0.78
