0 0 ground 0.78 0.78 0.78
0 1 inner 0.7264956296572718 0.7645494247392381 0.7853126400930552 8
0 0 ceil 0.3690861519802757 0.900188107374446 0.8729906058117103
0 1 outer 0.78 0.78 0.78
0 1 next 0.6994883442802298 0.7613022264927847 0.7897883889228756
1 1 ground 0.78 0.78 0.78
1 2 inner 0.48692807912993696 0.8283435449852683 0.8520902232405204 11
1 1 ceil 0.17501279588735164 0.9923435163317619 0.8116539148378366
1 2 outer 0.78 0.78 0.78
1 2 next 0.2905773014219065 0.9358059797730535 0.8566399494745136
2 2 ground 0.78 0.78 0.78
2 3 inner 0.23890919332229132 0.9605316190806585 0.8395886776038687 1
2 2 ceil 1.0 0.5526506899055921 0.0
2 3 outer 0.78 0.78 0.78
2 3 next 1.0 0.5526506899055921 0.0
3 3 ground 0.5 0.0 0.0
3 4 inner 1.0 0.5526506899055921 0.0 11
3 3 ceil 0.78 0.78 0.78
3 4 outer 0.78 0.78 0.78
