0 0 ground 0.754896880073539 0.7712090918458789 0.7818396588323067
0 1 inner 0.7535837375840996 0.7708255158474804 0.7819694040259234 4150
0 0 ceil 0.7707050358820818 0.7764182963118325 0.780533991903405
0 1 outer 0.78 0.78 0.78
0 1 next 0.753417791079266 0.7707775726215358 0.7819860245729743
1 1 ground 0.6619259401904274 0.7615440376116778 0.7976326626785815
1 2 inner 0.6663513101778422 0.7612364269538594 0.7966197236532144 1416
1 1 ceil 0.7756838308615382 0.7782883810211144 0.78022545324059
1 2 outer 0.78 0.78 0.78
1 2 next 0.738811950764487 0.7670197204515221 0.7836397573706975
2 2 ground 0.6293485135989879 1.0 0.338393421884883
2 3 inner 0.6040480708412397 1.0 0.3636938646426312 76
2 2 ceil 0.78 0.78 0.78
2 3 outer 0.78 0.78 0.78
