0 0 12.466586337719244 ground
1 0.03108659784707165 10.949097155729207 inner
1 0.03108659784707165 10.949097155729207 outer
1 0.03108659784707165 9.7431513941125 ground
2 0.06876083610183704 9.228818690495881 inner
2 0.06876083610183704 9.228818690495881 outer
2 0.06876083610183704 8.204571144249204 ground
3 0.1148713936275788 7.658211482751795 inner
3 0.1148713936275788 7.658211482751795 outer
3 0.1148713936275788 6.392317422778761 ground
4 0.18137937140615135 5.20945336562895 inner
4 0.18137937140615135 5.20945336562895 outer
4 0.18137937140615135 3.0 ground
5 0.3250663692513582 2.807354922057604 inner
5 0.3250663692513582 2.807354922057604 outer
5 0.3250663692513582 2.0 ground
6 0.5160736423928466 2.321928094887362 inner
6 0.5160736423928466 2.321928094887362 outer
6 0.5160736423928466 2.0 ground
7 0.9935384716685326 0.0 inner
7 0.9935384716685326 0.0 outer
