0 0 ground 0.7631621519440712 0.7737956248087119 0.7810967799377824
0 1 inner 0.7626040027832489 0.773611547452867 0.7811428622441748 5514
0 0 ceil 0.7784869215019932 0.7793903642442216 0.7800745150057637
0 1 outer 0.78 0.78 0.78
0 1 next 0.7414932194332804 0.7676416190079842 0.7833085551161192
1 1 ground 0.2645036254996468 0.9481652206949817 0.848656960826933
1 2 inner 0.32947640096949526 0.9178443518667792 0.8661863840192245 139
1 1 ceil 0.751776798299912 0.7703098752519228 0.7821530711599785
1 2 outer 0.78 0.78 0.78
1 2 next 0.6266340840586684 0.7665762294129479 0.8064722034586727
2 2 ground 0.5 0.0 0.0
2 3 inner 0.7317290552584672 0.0 0.0 11
2 2 ceil 0.78 0.78 0.78
2 3 outer 0.78 0.78 0.78
