0 0 ground 0.6834757737180015 0.7607430432560912 0.7929178511976487
0 1 inner 0.6595719457494542 0.7617374672024592 0.7981805617717053 431
0 0 ceil 0.6605045563722944 0.7616583650671276 0.7979627458012275
0 1 outer 0.78 0.78 0.78
0 1 next 0.7174390171220763 0.7631322949793723 0.7866946294735891
1 1 ground 0.6249453947998381 0.7669298313899046 0.8069271709659963
1 2 inner 0.5936699471393976 0.775288266740338 0.8158354934750796 200
1 1 ceil 0.5930326247563613 0.7754938087483532 0.8160261346637425
1 2 outer 0.78 0.78 0.78
1 2 next 0.6771342209719486 0.7607956723678214 0.7942474317160013
2 2 ground 0.6259600082550514 0.7667161606103741 0.8066534798578189
2 3 inner 0.47525389710924104 0.8363295310856712 0.8565201528450923 97
2 2 ceil 0.4651893719783149 0.8435457683185713 0.8604036427156387
2 3 outer 0.78 0.78 0.78
2 3 next 0.5247703614734107 0.8053481932878053 0.8383149679105701
3 3 ground 0.7091347666756499 0.7621254621999624 0.7880690168318426
3 4 inner 0.4672536351261729 0.8420408340779966 0.859602359390303 84
3 3 ceil 0.4493004590604215 0.8555555905970118 0.8666516264396813
3 4 outer 0.78 0.78 0.78
3 4 next 0.5524488373818445 0.7913989038302247 0.8288517972480857
4 4 ground 0.5102031595971319 0.8136710853513196 0.8435081910387792
4 5 inner 0.40485395740635755 0.8848440550005935 0.8766026349502567 90
4 4 ceil 0.3996240391616285 0.8870500860358387 0.8762244552422735
4 5 outer 0.78 0.78 0.78
4 5 next 0.43599039589463906 0.8661914331814922 0.871991982845108
5 5 ground 0.6363596256066482 0.7647380755638535 0.8039068294707841
5 6 inner 0.3832401070612619 0.8940452180165543 0.8747072646099887 71
5 5 ceil 0.3617655867628714 0.9034004950507412 0.8719550515804226
5 6 outer 0.78 0.78 0.78
5 6 next 0.47300194830710574 0.8379176387577637 0.8573839806058254
6 6 ground 0.601974137580913 0.7727374829830398 0.8133837722989209
6 7 inner 0.4020871284108678 0.8860094843512132 0.8764089590248064 83
6 6 ceil 0.38909285313085973 0.8915319131817354 0.8753071228447924
6 7 outer 0.78 0.78 0.78
6 7 next 0.484664842991646 0.8298593101335469 0.8529426558015893
7 7 ground 0.7253305324719727 0.7643482910346155 0.7854833914106495
7 8 inner 0.37451011116986765 0.897823363506159 0.8736929312592709 66
7 7 ceil 0.3509072793601914 0.9082084188882397 0.87023363896331
7 8 outer 0.78 0.78 0.78
7 8 next 0.5128107970669236 0.8121321529381553 0.8425682279838989
8 8 ground 0.5385498045976561 0.7980953156545029 0.8335355991621524
8 9 inner 0.4570439295487878 0.8496086572077578 0.86358905856711 104
8 8 ceil 0.45436962513270895 0.8516423789873775 0.8646430074435008
8 9 outer 0.78 0.78 0.78
8 9 next 0.5538956921434788 0.7907379372330193 0.8283723894472588
9 9 ground 0.45885683786832 0.8482421103670421 0.8628768560629705
9 10 inner 0.5251619378536343 0.8051337230668569 0.8381773371791497 176
9 9 ceil 0.5430490906351106 0.7958590799219618 0.8320040294721904
9 10 outer 0.78 0.78 0.78
9 10 next 0.6417305976970457 0.7638688473247119 0.8025311062643349
10 10 ground 0.5635247187694634 0.7865141181637135 0.825222184000231
10 11 inner 0.5795462566952032 0.7801672406995107 0.820140901258511 2714
10 10 ceil 0.7506476481216139 0.7699947945714272 0.7822708363773435
10 11 outer 0.78 0.78 0.78
10 11 next 0.6750045638250005 0.7608478086589907 0.7947049807087038
11 11 ground 0.47754585705249836 1.0 0.4901960784313726
11 12 inner 0.24984187223276405 1.0 0.717900063251107 85
11 11 ceil 0.17281385010875983 0.9934608154490882 0.8105586656173006
11 12 outer 0.78 0.78 0.78
11 12 next 0.22819443551420926 0.9657747434688077 0.835431000771499
12 12 ground 0.5028462998102466 1.0 0.46489563567362435
12 13 inner 0.4901960784313725 1.0 0.4775458570524984 532
12 12 ceil 0.78 0.78 0.78
12 13 outer 0.78 0.78 0.78
