0 0 ground 0.7790406201621346 0.7796122491122403 0.7800466764535504
0 1 inner 0.7784709164340848 0.7793839711836201 0.7800753294567222 4795
0 0 ceil 0.7771386593526285 0.7788558843139332 0.7801450380070579
0 1 outer 0.78 0.78 0.78
0 1 next 0.777828171175028 0.7791281929019773 0.780108488720696
1 1 ground 0.7722889747732496 0.7770011823115726 0.7804302976232224
1 2 inner 0.7719264092472857 0.7768667685520365 0.7804535811622235 2161
1 1 ceil 0.7737879710998933 0.7775631586699233 0.7803369026951529
1 2 outer 0.78 0.78 0.78
1 2 next 0.7735357876764977 0.7774679092044472 0.7803522905719491
2 2 ground 0.7541783203751774 0.7709982725840462 0.7819102653765989
2 3 inner 0.7554296569228294 0.7713668476603697 0.7817879196887343 996
2 2 ceil 0.7685542563408551 0.7756447402305571 0.7806829377818084
2 3 outer 0.78 0.78 0.78
2 3 next 0.7582422781584386 0.7722200948324529 0.781523491603556
3 3 ground 0.659550454137301 0.7617393282241612 0.7981855927794337
3 4 inner 0.6750325373234922 0.7608470119905897 0.7946989351920015 349
3 3 ceil 0.7617539960853729 0.7733338453928502 0.781214193708892
3 4 outer 0.78 0.78 0.78
3 4 next 0.7186524750621641 0.7633027555067066 0.7865022659847021
4 4 ground 0.730550284629981 1.0 0.23719165085388993
4 5 inner 0.4016445287792536 1.0 0.5660974067046174 23
4 4 ceil 0.5171664889024982 0.8096091886508908 0.8410081265416752
4 5 outer 0.78 0.78 0.78
4 5 next 0.3996240391616285 0.8870500860358387 0.8762244552422735
5 5 ground 1.0 0.5526506899055921 0.0
5 6 inner 0.8697027197975963 1.0 0.0980392156862745 5
5 5 ceil 0.3636938646426312 1.0 0.6040480708412397
5 6 outer 0.78 0.78 0.78
5 6 next 0.6293485135989879 1.0 0.338393421884883
6 6 ground 0.5 0.0 0.0
6 7 inner 1.0 0.18954248366013093 0.0 4
6 6 ceil 0.78 0.78 0.78
6 7 outer 0.78 0.78 0.78
