0 0 6.339850002884624 ground
1 0.05525998967177649 9.388017285345136 inner
1 0.05525998967177649 9.388017285345136 outer
1 0.05525998967177649 5.426264754702098 ground
2 0.11600973924902605 8.754887502163468 inner
2 0.11600973924902605 8.754887502163468 outer
2 0.11600973924902605 4.392317422778761 ground
3 0.1857917671558178 8.016808287686555 inner
3 0.1857917671558178 8.016808287686555 outer
3 0.1857917671558178 4.392317422778761 ground
4 0.2552080809439394 7.965784284662087 inner
4 0.2552080809439394 7.965784284662087 outer
4 0.2552080809439394 3.807354922057604 ground
5 0.32976348858829163 7.7073591320808825 inner
5 0.32976348858829163 7.7073591320808825 outer
5 0.32976348858829163 4.169925001442312 ground
6 0.40384493417219347 7.569855608330948 inner
6 0.40384493417219347 7.569855608330948 outer
6 0.40384493417219347 4.0 ground
7 0.47836491335907994 7.679480099505446 inner
7 0.47836491335907994 7.679480099505446 outer
7 0.47836491335907994 3.9068905956085187 ground
8 0.553158230839485 7.554588851677638 inner
8 0.553158230839485 7.554588851677638 outer
8 0.553158230839485 4.321928094887363 ground
9 0.6250997532861374 7.930737337562887 inner
9 0.6250997532861374 7.930737337562887 outer
9 0.6250997532861374 4.523561956057013 ground
10 0.6947846656288204 8.344295907915816 inner
10 0.6947846656288204 8.344295907915816 outer
10 0.6947846656288204 4.954196310386875 ground
11 0.7738100522615868 9.339850002884624 inner
11 0.7738100522615868 9.339850002884624 outer
11 0.7738100522615868 3.169925001442312 ground
12 0.8751985511728471 6.754887502163468 inner
12 0.8751985511728471 6.754887502163468 outer
12 0.8751985511728471 3.9068905956085187 ground
13 0.9916012910261184 6.741466986401147 inner
13 0.9916012910261184 6.741466986401147 outer
