0 0 ground 0.78 0.78 0.78
0 1 inner 0.7660198859331506 0.7747596103948339 0.7808703228435621 32
0 0 ceil 0.6476547186775667 0.76303160591348 0.8010485421474722
0 1 outer 0.78 0.78 0.78
0 1 next 0.7634392953460637 0.7738875357509101 0.7810741219408187
1 1 ground 0.78 0.78 0.78
1 2 inner 0.6706199802033148 0.761009371154047 0.7956641296031384 20
1 1 ceil 0.4259568551887801 0.8745518514951032 0.8760796385301103
1 2 outer 0.78 0.78 0.78
1 2 next 0.6277004857937625 0.7663581604766587 0.8061863287171942
2 2 ground 0.78 0.78 0.78
2 3 inner 0.44889813522088273 0.8558694302414529 0.8668116482146297 1
2 2 ceil 1.0 0.5526506899055921 0.0
2 3 outer 0.78 0.78 0.78
2 3 next 1.0 0.5526506899055921 0.0
3 3 ground 0.5 0.0 0.0
3 4 inner 1.0 0.18954248366013093 0.0 13
3 3 ceil 0.78 0.78 0.78
3 4 outer 0.78 0.78 0.78
