0 0 8.330916878114618 ground
1 0.05655594120624973 5.247927513443585 inner
1 0.05655594120624973 5.247927513443585 outer
1 0.05655594120624973 5.044394119358453 ground
2 0.1379968868940204 3.807354922057604 inner
2 0.1379968868940204 3.807354922057604 outer
2 0.1379968868940204 3.700439718141092 ground
3 0.2981052984507415 1.584962500721156 inner
3 0.2981052984507415 1.584962500721156 outer
3 0.2981052984507415 1.584962500721156 ground
4 0.595046110841679 1.0 inner
4 0.595046110841679 1.0 outer
