0 0 11.292896755409172 ground
1 0.034327654634172554 10.923327485419192 inner
1 0.034327654634172554 10.923327485419192 outer
1 0.034327654634172554 9.226412192788786 ground
2 0.07313837619232846 10.117643101389092 inner
2 0.07313837619232846 10.117643101389092 outer
2 0.07313837619232846 8.661778097771988 ground
3 0.1145868418938789 9.519636252843213 inner
3 0.1145868418938789 9.519636252843213 outer
3 0.1145868418938789 8.159871336778389 ground
4 0.15874119942878034 8.991521846075695 inner
4 0.15874119942878034 8.991521846075695 outer
4 0.15874119942878034 7.820178962415188 ground
5 0.20489774770834365 8.774787059601174 inner
5 0.20489774770834365 8.774787059601174 outer
5 0.20489774770834365 7.577428828035749 ground
6 0.2536615652722589 8.413627929024173 inner
6 0.2536615652722589 8.413627929024173 outer
6 0.2536615652722589 7.199672344836364 ground
7 0.3063750734371212 7.924812503605781 inner
7 0.3063750734371212 7.924812503605781 outer
7 0.3063750734371212 6.599912842187128 ground
8 0.3645540395541378 7.285402218862249 inner
8 0.3645540395541378 7.285402218862249 outer
8 0.3645540395541378 6.321928094887363 ground
9 0.4340760066230902 6.087462841250339 inner
9 0.4340760066230902 6.087462841250339 outer
9 0.4340760066230902 3.584962500721156 ground
10 0.5573353880630028 4.169925001442312 inner
10 0.5573353880630028 4.169925001442312 outer
10 0.5573353880630028 2.584962500721156 ground
11 1.0517230660055632 0.0 inner
11 1.0517230660055632 0.0 outer
